2822570050 31
1831736710 41
1657754114 65
3805201250 62
1642591402 11
1921041542 13
1315679352 11
2920536031 37
3316922232 41
3921730119 11
1056897511 62
1319417172 37
1298032541 11
3512321545 12
1887104500 35
1893801487 11
1738856251 15
1363172732 31
1638781994 11
1618051664 11
2551950220 11
3058010195 11
2717567405 44
3199762434 44
3166792984 32
2163583002 44
1234865357 51
1781718090 31
1696285514 32
2679639811 31
1649961517 43
2239012161 100
1654090874 11
1652811601 51
1833166187 41
1883881851 11
2359162503 37
1368805177 21
1420398274 41
2260974145 11
